5016857538
400648844
8792711811
6689143384
3344571692
3907871916
4195118570
3344571692
8792711811
4180714615
5853000461
5016857538
3907871916
1746112044
5861807874
5034142284
3344571692
976967979
1672285846
976967979
752203634
4884839895
4195118570
5853000461
3907871916
5861807874
4180714615
1678047428
287582329
4195118570
1157947240
976967979
2619168066
3907871916
5853000461
578973620
7815743832
5873165998
3344571692
836142923
5016857538
2930903937
873056022
4884839895
7815743832
5861807874
3356094856
5238336132
5873165998
2508428769
8792711811
722636392
5034142284
8792711811
5873165998
5034142284
5853000461
6689143384
5873165998
5853000461
8792711811
3492224088
5034142284
4195118570
3344571692
4195118570
2930903937
4195118570
6689143384
5861807874
1953935958
976967979
5016857538
5873165998
5853000461
2930903937
8792711811
6838775853
2508428769
2508428769
4365280110
1157947240
7525286307
5016857538
6838775853
5016857538
4180714615
5873165998
8792711811
5016857538
2894868100
975269497
1678047428
4365280110
2930903937
1672285846
8792711811
4195118570
976967979
8792711811
