56 12 68 23 41 29 97 69 79 76
56 12 69 24 43 29 97 69 79 76
56 12 69 24 43 29 97 70 80 76
488
56 12 69 24 43 29 97 70 80 76
56 12 69 24 43 29 98 71 82 79
563
56 12 69 24 43 29 98 71 82 79
56 12 69 24 44 30 100 73 85 84
105
56 12 69 24 44 30 100 73 85 84
56 13 70 26 44 30 100 73 85 84
56 13 70 26 45 31 100 73 85 84
69
56 13 70 26 45 31 100 73 85 84
71
56 13 70 26 45 31 100 73 85 84
57 14 71 28 48 31 100 73 85 84
57 14 71 28 48 31 100 74 86 84
253
57 14 71 28 48 31 100 74 86 84
207
57 14 71 28 48 31 100 74 86 84
170
57 14 71 28 48 31 100 74 86 84
367
57 14 71 28 48 31 100 74 86 84
57 15 72 30 51 36 108 82 99 105
57 16 73 32 54 41 116 90 120 105
206

