40
3698
952
345
874
2570
952
-2858
-718
-5
-955
-840
-718
-774
-984
-807
641
936
952
653
-356
874
-884
773
-977
6952
-753
-678
690
-952
-1559
-5136
-777
986
781
-599
-639
824
-260
-821
766
-837
-3192
-956
-542
-868
997
821
2257
-770
825
-821
952
-920
-821
-499
963
-868
-770
952
-912
753
1252
329
-1464
916
952
653
-880
908
-1557
2012
-718
992
-415
100
2691
683
581
-864
925
2658
-982
-872
-1685
-986
870
952
1215
-868
986
686
821
-888
4176
-332
3371
683
-502
952
1129
-786
-329
952
753
1449
-397
952
-834
770
-877
-1826
-2445
-967
-562
478
194
718
868
-952
774
2166
-1435
-821
-2810
-952
-952
2164
-986
-971
-54
-4302
-1199
774
-777
843
-1721
489
860
-755
-2305
-379
-952
-474
-814
-997
868
332
2459
-346
292
-875
905
1850
893
748
954
868
438
992
-683
952
537
438
529
957
1307
-3852
1349
91
952
-153
-2493
-939
484
-1136
976
537
-41
126
103
-992
984
-621
-991
868
-761
802
868
616
-753
-959
-1353
-678
-1075
616
-653
966
-837
-1918
917
903
-923
-907
798
510
-718
-3020
952
654
935
-2928
952
3994
944
-910
965
-992
-3297
625
672
-732
-1137
466
-1574
992
-641
784
-946
-941
880
-512
116
3717
-441
985
880
1265
-952
992
872
2478
722
-770
295
2433
-868
890
11
-859
893
-992
-2118
-916
599
-2164
-1289
511
-158
-400
609
-2081
-924
-4795
-242
-950
869
-647
635
-832
-297
718
-868
-777
502
-868
479
821
3191
949
282
-881
1593
-1293
-1384
983
537
667
355
-2863
-859
952
821
256
2007
986
891
329
989
-1110
802
-730
-987
749
-909
-4215
-3464
689
-470
-718
1584
2282
863
-221
-874
130
868
-639
-962
697
821
-909
-859
285
-54
803
872
-2792
-2185
-83
681
-821
911
30
946
-975
2750
968
1046
298
321
955
821
1388
-639
-810
653
903
-2197
-555
952
865
952
537
-167
39
797
-863
-780
986
314
-594
981
-667
805
868
890
952
-1120
1927
692
-753
-1900
-718
209
992
-69
1890
-971
871
-875
874
-85
908
-25
928
821
860
-859
952
363
-539
984
-770
810
755
-821
-443
-192
-951
1866
-426
-2480
-893
992
1905
821
-1798
-428
-868
-4282
523
-968
-968
-826
-3055
-968
992
-773
952
-773
992
-875
-934
952
821
480
-217
-875
-872
182
-2959
-2577
821
2958
952
952
-875
992
952
980
-3453
984
122
-742
-800
952
1158
860
-986
194
920
885
-477
880
1123
-668
522
811
-985
1233
-734
873
-864
599
-1687
-824
-825
896
-559
955
-4188
878
752
821
330
101
-1283
-986
-917
986
272
-90
-2878
824
-985
-796
-821
822
873
952
868
-807
-718
-992
-639
940
-847
942
-512
821
983
-952
-886
-952
-952
718
-821
873
-777
-2109
355
1896
1663
-992
860
653
-541
821
-755
199
440
-369
912
868
959
316
891
-991
3315
268
872
883
942
-992
499
-1038
-753
952
-3887
-992
-991
2698
1388
900
-917
872
1985
952
868
3543
900
-885
1211
-777
-868
1072
361
-685
2318
1058
883
783
-898
821
748
928
-992
-1216
-868
-593
-3822
821
452
821
442
-616
-960
354
-859
1276
952
952
-807
-1213
2288
-900
982
883
647
-458
-438
-1814
-600
737
-859
-438
-2278
-868
723
896
653
3362
-475
-773
-994
-952
2729
-885
952
-872
994
536
993
-868
-131
940
-719
952
304
-523
835
821
926
-653
982
-992
3780
1685
-907
-893
-2608
1783
-868
1063
-1630
-872
875
51
-991
-992
-35
-821
-845
-821
-1871
-2045
-1882
897
-985
-662
986
-501
940
959
639
773
-226
-821
-1388
-980
940
955
-952
-199
-952
2509
-1731
940
-1893
3257
-523
821
-572
952
278
986
821
773
-821
-821
952
160
744
986
-893
361
685
-868
761
986
-718
-650
-789
-786
845
718
952
-777
802
158
-994
-874
-847
821
685
-992
-1936
-992
-900
-952
-2461
-994
504
-952
-868
683
-952
-821
-821
-1025
-3045
868
-821
-3372
2322
-872
2805
-3245
-966
2860
810
202
-821
-821
458
213
-872
-952
875
1707
-1876
-924
555
1062
975
-2680
-868
-821
-1451
-2833
992
-821
314
-1736
-821
-1130
1993
-1535
-821
986
942
389
202
903
994
-968
606
743
974
-1009
813
43
-3415
341
653
-868
891
-945
743
-872
-68
-981
986
1940
43
874
-940
667
952
-5583
-955
-992
-1097
-952
-933
4
-323
-952
770
834
998
-868
-868
821
-952
-917
891
-210
984
952
743
983
975
900
-654
-985
66
905
-601
821
-438
905
-878
-749
786
-954
-925
-812
-406
980
-952
-1699
-1194
1258
-911
2151
-868
-868
-868
952
2539
942
1360
749
810
1034
-2441
-609
3635
2210
2267
-332
770
952
2167
-512
-103
986
-623
886
2639
-929
952
984
874
868
821
3076
946
991
-236
965
802
917
416
2658
859
944
46
1035
546
868
-1291
890
1109
-199
653
900
-2673
555
873
1912
-954
952
952
-821
-821
-311
-1761
115
913
-209
-952
900
-868
821
-978
-664
-960
911
821
-872
-868
-537
-952
992
-860
-952
-678
3204
992
-491
992
-2460
-952
-968
653
992
952
-2575
-1307
952
-893
-917
-840
-758
821
-777
952
-840
664
821
718
-1117
984
-755
992
-807
141
-683
-872
536
960
5063
992
-986
-2236
-942
718
-837
-668
-3837
-868
-986
852
917
821
773
-952
-1497
-945
-527
-917
-662
1240
761
2714
-955
952
-782
2042
-843
-912
717
-1135
1497
893
-821
-880
-652
-792
859
4347
537
-718
-968
-1058
720
-375
-952
908
-952
-952
-213
868
-952
-1792
501
-631
-684
-1740
-994
-530
886
986
-821
843
-917
-821
952
992
-872
952
667
870
-880
986
1920
892
-960
-992
-609
-446
-574
986
952
-802
1639
952
2032
-1449
1919
2128
952
-983
-901
986
-835
-653
992
868
5114
952
952
1750
1452
868
-874
-956
-952
926
-1794
-802
718
-732
1293
982
868
1773
986
2013
-714
1846
667
683
724
-4568
-3597
-821
-1688
-821
-2124
-139
-750
-872
992
332
-821
-983
-4445
-3458
874
-821
992
-3092
805
-960
230
-821
2012
-117
-2703
1525
-952
872
2169
891
971
908
285
-2014
875
890
-872
692
653
667
868
-983
-741
-475
-305
667
986
-821
718
864
872
629
419
-992
752
859
-1065
-911
-1777
821
91
4903
821
2165
-840
-305
-718
-983
2391
-864
-773
743
-563
3214
-783
-643
-3981
-968
-770
874
-292
-900
1137
-1140
-416
-703
-445
1288
-639
-246
991
-1414
-639
1328
-786
2148
-900
821
-837
-2227
-960
-868
-821
952
-859
821
2333
